<!DOCTYPE html>

<html xmlns="http://www.w3.org/1999/xhtml" lang="en" xml:lang="en">

<head>

<meta charset="utf-8">
<meta http-equiv="Content-Type" content="text/html; charset=utf-8" />
<meta name="generator" content="pandoc" />


<meta name="date" content="2024-01-03" />

<meta name="progressive" content="true" />
<meta name="allow-skip" content="false" />
<meta name="learnr-version-prerender" content="0.11.4.9000" />

<title>1.3 Utility Functions</title>

<!-- header-includes START -->
<!-- HEAD_CONTENT -->
<!-- header-includes END -->
<!-- HEAD_CONTENT -->

<!-- highlightjs -->
<style type="text/css">code{white-space: pre;}</style>
<style type="text/css">
  pre:not([class]) {
    background-color: white;
  }
</style>
<script type="text/javascript">
if (window.hljs) {
  hljs.configure({languages: []});
  hljs.initHighlightingOnLoad();
  if (document.readyState && document.readyState === "complete") {
    window.setTimeout(function() { hljs.initHighlighting(); }, 0);
  }
}
</script>


<!-- taken from https://github.com/rstudio/rmarkdown/blob/de8a9c38618903627ca509f5401d50a0876079f7/inst/rmd/h/default.html#L293-L343 -->
<!-- tabsets -->
<style type="text/css">
.tabset-dropdown > .nav-tabs {
  display: inline-table;
  max-height: 500px;
  min-height: 44px;
  overflow-y: auto;
  border: 1px solid #ddd;
  border-radius: 4px;
}

.tabset-dropdown > .nav-tabs > li.active:before {
  content: "";
  font-family: 'Glyphicons Halflings';
  display: inline-block;
  padding: 10px;
  border-right: 1px solid #ddd;
}

.tabset-dropdown > .nav-tabs.nav-tabs-open > li.active:before {
  content: "&#xe258;";
  border: none;
}

.tabset-dropdown > .nav-tabs.nav-tabs-open:before {
  content: "";
  font-family: 'Glyphicons Halflings';
  display: inline-block;
  padding: 10px;
  border-right: 1px solid #ddd;
}

.tabset-dropdown > .nav-tabs > li.active {
  display: block;
}

.tabset-dropdown > .nav-tabs > li > a,
.tabset-dropdown > .nav-tabs > li > a:focus,
.tabset-dropdown > .nav-tabs > li > a:hover {
  border: none;
  display: inline-block;
  border-radius: 4px;
  background-color: transparent;
}

.tabset-dropdown > .nav-tabs.nav-tabs-open > li {
  display: block;
  float: none;
}

.tabset-dropdown > .nav-tabs > li {
  display: none;
}
</style>
<!-- end tabsets -->


</head>

<body>
<a class='sr-only sr-only-focusable visually-hidden-focusable' href='#learnr-tutorial-content'>Skip to Tutorial Content</a>



<div class="pageContent band">
<main class="bandContent page">

<article class="topics" id="learnr-tutorial-content">

<style type="text/css">
h1{font-size: 24pt}
h2{font-size: 20pt}
h3{font-size: 18pt}
h4,h5,h6{font-size: 16pt}
body{font-size: 16pt}
#doc-metadata {
  margin-bottom: 10px;
  font-size: 0.66em;
}
</style>
<div id="section-utility" class="section level2">
<h2>Utility</h2>
<p>Utility is a numerical representation of a consumer’s preference
rankings.</p>
<div id="section-utility-functions" class="section level3">
<h3>Utility Functions</h3>
<p>A utility function assigns numerical values to a person’s
preferences.</p>
<p>It’s often easier to say <span class="math inline">\(U(A) &gt;
U(B)\)</span> than <span class="math inline">\(A \succ B\)</span>.</p>
</div>
<div id="section-are-the-values-meaningful" class="section level3">
<h3>Are the Values Meaningful?</h3>
<p>Short answer: no.</p>
<p>Long answer: utility functions often have certain features that
demonstrate the specific features of how consumers respond to price
and/or income changes.</p>
</div>
<div id="section-cardinal-utility-jeremy-bentham-1780"
class="section level3">
<h3>Cardinal Utility: Jeremy Bentham (1780)</h3>
<p><img src="images/JeremyBentham.jpg" width="300px" style="display: block; margin: auto;" /></p>
</div>
<div id="section-ordinal-utility-vilfredo-pareto-1906"
class="section level3">
<h3>Ordinal Utility: Vilfredo Pareto (1906)</h3>
<p><img src="images/VilfredoPareto.jpg" width="300px" style="display: block; margin: auto;" /></p>
</div>
<div id="section-more-on-jeremy-bentham" class="section level3">
<h3>More on Jeremy Bentham</h3>
<p>You can visit Jeremy Bentham to this day! His mummified corpse sits
on display in the atrium of the student centre at University College
London.</p>
<p><img src="images/JeremyBenthamMummy.jpg" width="260" style="display: block; margin: auto;" /></p>
<p>UCL used to display his head in a museum until students from King’s
College stole it as a prank (and since been recovered, but is no longer
on display). It only comes out for “special occasions.”</p>
<p><img src="images/JeremyBenthamHead.jpg" width="138" style="display: block; margin: auto;" /></p>
</div>
</div>
<div id="section-well-behaved-utility-functions" class="section level2">
<h2>“Well-Behaved” Utility Functions</h2>
<div id="section-general-properties" class="section level3">
<h3>General Properties</h3>
<p>One function that satisfies the basic assumptions so far is a simple
multiplicative utility function:</p>
<p><span class="math display">\[U(x_1, x_2) = x_1x_2\]</span></p>
<p>The following plot uses the
<code>plotly::plot_ly(z, type = surface)</code> function to graph this
utility function in 3D (with interactive percpective control!).</p>
<pre class="r"><code>library(plotly)
x &lt;- seq(0, 10, length.out = 100)
y &lt;- seq(0, 10, length.out = 100)
U &lt;- outer(
  x,
  y,
  FUN = function(x, y)
    x * y
)
g &lt;- plot_ly(z = ~ U, type = &#39;surface&#39;)  %&gt;%
  layout(scene = list(
    xaxis = list(title = &#39;Consumption of Good 1&#39;),
    yaxis = list(title = &#39;Consumption of Good 2&#39;), 
    zaxis = list(title = &#39;Utility&#39;)
  ))
g </code></pre>
<div class="plotly html-widget html-fill-item-overflow-hidden html-fill-item" id="htmlwidget-2b5322c08599cc2be96e" style="width:576px;height:576px;"></div>
<script type="application/json" data-for="htmlwidget-2b5322c08599cc2be96e">{"x":{"visdat":{"128853e82fd3":["function () ","plotlyVisDat"]},"cur_data":"128853e82fd3","attrs":{"128853e82fd3":{"z":{},"alpha_stroke":1,"sizes":[10,100],"spans":[1,20],"type":"surface"}},"layout":{"margin":{"b":40,"l":60,"t":25,"r":10},"scene":{"xaxis":{"title":"Consumption of Good 1"},"yaxis":{"title":"Consumption of Good 2"},"zaxis":{"title":"Utility"}},"hovermode":"closest","showlegend":false,"legend":{"yanchor":"top","y":0.5}},"source":"A","config":{"modeBarButtonsToAdd":["hoverclosest","hovercompare"],"showSendToCloud":false},"data":[{"colorbar":{"title":"U","ticklen":2,"len":0.5,"lenmode":"fraction","y":1,"yanchor":"top"},"colorscale":[["0","rgba(68,1,84,1)"],["0.0416666666666667","rgba(70,19,97,1)"],["0.0833333333333333","rgba(72,32,111,1)"],["0.125","rgba(71,45,122,1)"],["0.166666666666667","rgba(68,58,128,1)"],["0.208333333333333","rgba(64,70,135,1)"],["0.25","rgba(60,82,138,1)"],["0.291666666666667","rgba(56,93,140,1)"],["0.333333333333333","rgba(49,104,142,1)"],["0.375","rgba(46,114,142,1)"],["0.416666666666667","rgba(42,123,142,1)"],["0.458333333333333","rgba(38,133,141,1)"],["0.5","rgba(37,144,140,1)"],["0.541666666666667","rgba(33,154,138,1)"],["0.583333333333333","rgba(39,164,133,1)"],["0.625","rgba(47,174,127,1)"],["0.666666666666667","rgba(53,183,121,1)"],["0.708333333333333","rgba(79,191,110,1)"],["0.75","rgba(98,199,98,1)"],["0.791666666666667","rgba(119,207,85,1)"],["0.833333333333333","rgba(147,214,70,1)"],["0.875","rgba(172,220,52,1)"],["0.916666666666667","rgba(199,225,42,1)"],["0.958333333333333","rgba(226,228,40,1)"],["1","rgba(253,231,37,1)"]],"showscale":true,"z":[[0,0,0,0,0,0,0,0,0,0,0,0,0,0,0,0,0,0,0,0,0,0,0,0,0,0,0,0,0,0,0,0,0,0,0,0,0,0,0,0,0,0,0,0,0,0,0,0,0,0,0,0,0,0,0,0,0,0,0,0,0,0,0,0,0,0,0,0,0,0,0,0,0,0,0,0,0,0,0,0,0,0,0,0,0,0,0,0,0,0,0,0,0,0,0,0,0,0,0,0],[0,0.010203040506070809,0.020406081012141617,0.030609121518212427,0.040812162024283234,0.051015202530354048,0.061218243036424855,0.071421283542495662,0.081624324048566468,0.091827364554637275,0.1020304050607081,0.1122334455667789,0.12243648607284971,0.13263952657892053,0.14284256708499132,0.15304560759106214,0.16324864809713294,0.17345168860320376,0.18365472910927455,0.19385776961534537,0.20406081012141619,0.21426385062748698,0.22446689113355781,0.2346699316396286,0.24487297214569942,0.25507601265177021,0.26527905315784106,0.2754820936639118,0.28568513416998265,0.29588817467605344,0.30609121518212429,0.31629425568819503,0.32649729619426587,0.33670033670033672,0.34690337720640751,0.35710641771247831,0.3673094582185491,0.37751249872461995,0.38771553923069074,0.39791857973676154,0.40812162024283238,0.41832466074890312,0.42852770125497397,0.43873074176104476,0.44893378226711561,0.45913682277318635,0.4693398632792572,0.47954290378532799,0.48974594429139884,0.49994898479746969,0.51015202530354042,0.52035506580961122,0.53055810631568212,0.54076114682175291,0.5509641873278236,0.5611672278338945,0.57137026833996529,0.58157330884603609,0.59177634935210688,0.60197938985817767,0.61218243036424858,0.62238547087031937,0.63258851137639005,0.64279155188246095,0.65299459238853175,0.66319763289460254,0.67340067340067344,0.68360371390674413,0.69380675441281503,0.70400979491888582,0.71421283542495662,0.72441587593102741,0.7346189164370982,0.74482195694316899,0.7550249974492399,0.76522803795531058,0.77543107846138148,0.78563411896745228,0.79583715947352307,0.80604019997959386,0.81624324048566477,0.82644628099173556,0.83664932149780624,0.84685236200387715,0.85705540250994794,0.86725844301601884,0.87746148352208952,0.88766452402816032,0.89786756453423122,0.90807060504030201,0.9182736455463727,0.9284766860524436,0.93867972655851439,0.9488827670645853,0.95908580757065598,0.96928884807672677,0.97949188858279768,0.98969492908886847,0.99989796959493937,1.0101010101010102],[0,0.020406081012141617,0.040812162024283234,0.061218243036424855,0.081624324048566468,0.1020304050607081,0.12243648607284971,0.14284256708499132,0.16324864809713294,0.18365472910927455,0.20406081012141619,0.22446689113355781,0.24487297214569942,0.26527905315784106,0.28568513416998265,0.30609121518212429,0.32649729619426587,0.34690337720640751,0.3673094582185491,0.38771553923069074,0.40812162024283238,0.42852770125497397,0.44893378226711561,0.4693398632792572,0.48974594429139884,0.51015202530354042,0.53055810631568212,0.5509641873278236,0.57137026833996529,0.59177634935210688,0.61218243036424858,0.63258851137639005,0.65299459238853175,0.67340067340067344,0.69380675441281503,0.71421283542495662,0.7346189164370982,0.7550249974492399,0.77543107846138148,0.79583715947352307,0.81624324048566477,0.83664932149780624,0.85705540250994794,0.87746148352208952,0.89786756453423122,0.9182736455463727,0.93867972655851439,0.95908580757065598,0.97949188858279768,0.99989796959493937,1.0203040506070808,1.0407101316192224,1.0611162126313642,1.0815222936435058,1.1019283746556472,1.122334455667789,1.1427405366799306,1.1631466176920722,1.1835526987042138,1.2039587797163553,1.2243648607284972,1.2447709417406387,1.2651770227527801,1.2855831037649219,1.3059891847770635,1.3263952657892051,1.3468013468013469,1.3672074278134883,1.3876135088256301,1.4080195898377716,1.4284256708499132,1.4488317518620548,1.4692378328741964,1.489643913886338,1.5100499948984798,1.5304560759106212,1.550862156922763,1.5712682379349046,1.5916743189470461,1.6120803999591877,1.6324864809713295,1.6528925619834711,1.6732986429956125,1.6937047240077543,1.7141108050198959,1.7345168860320377,1.754922967044179,1.7753290480563206,1.7957351290684624,1.816141210080604,1.8365472910927454,1.8569533721048872,1.8773594531170288,1.8977655341291706,1.918171615141312,1.9385776961534535,1.9589837771655954,1.9793898581777369,1.9997959391898787,2.0202020202020203],[0,0.030609121518212427,0.061218243036424855,0.091827364554637289,0.12243648607284971,0.15304560759106214,0.18365472910927458,0.21426385062748698,0.24487297214569942,0.27548209366391185,0.30609121518212429,0.33670033670033672,0.36730945821854916,0.39791857973676159,0.42852770125497397,0.4591368227731864,0.48974594429139884,0.52035506580961122,0.55096418732782371,0.58157330884603609,0.61218243036424858,0.64279155188246095,0.67340067340067344,0.70400979491888582,0.73461891643709831,0.76522803795531069,0.79583715947352318,0.82644628099173545,0.85705540250994794,0.88766452402816032,0.91827364554637281,0.94888276706458519,0.97949188858279768,1.0101010101010102,1.0407101316192224,1.0713192531374349,1.1019283746556474,1.1325374961738599,1.1631466176920722,1.1937557392102847,1.2243648607284972,1.2549739822467094,1.2855831037649219,1.3161922252831344,1.3468013468013469,1.3774104683195592,1.4080195898377716,1.4386287113559841,1.4692378328741966,1.4998469543924091,1.5304560759106214,1.5610651974288339,1.5916743189470464,1.6222834404652589,1.6528925619834709,1.6835016835016834,1.7141108050198959,1.7447199265381084,1.7753290480563206,1.8059381695745331,1.8365472910927456,1.8671564126109581,1.8977655341291704,1.9283746556473829,1.9589837771655954,1.9895928986838078,2.0202020202020203,2.0508111417202324,2.0814202632384449,2.1120293847566574,2.1426385062748698,2.1732476277930823,2.2038567493112948,2.2344658708295073,2.2650749923477198,2.2956841138659319,2.3262932353841443,2.3569023569023568,2.3875114784205693,2.4181205999387818,2.4487297214569943,2.4793388429752068,2.5099479644934188,2.5405570860116318,2.5711662075298438,2.6017753290480568,2.6323844505662688,2.6629935720844808,2.6936026936026938,2.7242118151209058,2.7548209366391183,2.7854300581573308,2.8160391796755433,2.8466483011937558,2.8772574227119683,2.9078665442301803,2.9384756657483933,2.9690847872666053,2.9996939087848182,3.0303030303030303],[0,0.040812162024283234,0.081624324048566468,0.12243648607284971,0.16324864809713294,0.20406081012141619,0.24487297214569942,0.28568513416998265,0.32649729619426587,0.3673094582185491,0.40812162024283238,0.44893378226711561,0.48974594429139884,0.53055810631568212,0.57137026833996529,0.61218243036424858,0.65299459238853175,0.69380675441281503,0.7346189164370982,0.77543107846138148,0.81624324048566477,0.85705540250994794,0.89786756453423122,0.93867972655851439,0.97949188858279768,1.0203040506070808,1.0611162126313642,1.1019283746556472,1.1427405366799306,1.1835526987042138,1.2243648607284972,1.2651770227527801,1.3059891847770635,1.3468013468013469,1.3876135088256301,1.4284256708499132,1.4692378328741964,1.5100499948984798,1.550862156922763,1.5916743189470461,1.6324864809713295,1.6732986429956125,1.7141108050198959,1.754922967044179,1.7957351290684624,1.8365472910927454,1.8773594531170288,1.918171615141312,1.9589837771655954,1.9997959391898787,2.0406081012141617,2.0814202632384449,2.1222324252627285,2.1630445872870117,2.2038567493112944,2.244668911335578,2.2854810733598612,2.3262932353841443,2.3671053974084275,2.4079175594327107,2.4487297214569943,2.4895418834812775,2.5303540455055602,2.5711662075298438,2.611978369554127,2.6527905315784102,2.6936026936026938,2.7344148556269765,2.7752270176512601,2.8160391796755433,2.8568513416998265,2.8976635037241096,2.9384756657483928,2.979287827772676,3.0200999897969596,3.0609121518212423,3.1017243138455259,3.1425364758698091,3.1833486378940923,3.2241607999183755,3.2649729619426591,3.3057851239669422,3.346597285991225,3.3874094480155086,3.4282216100397918,3.4690337720640754,3.5098459340883581,3.5506580961126413,3.5914702581369249,3.6322824201612081,3.6730945821854908,3.7139067442097744,3.7547189062340576,3.7955310682583412,3.8363432302826239,3.8771553923069071,3.9179675543311907,3.9587797163554739,3.9995918783797575,4.0404040404040407],[0,0.051015202530354048,0.1020304050607081,0.15304560759106214,0.20406081012141619,0.25507601265177027,0.30609121518212429,0.35710641771247836,0.40812162024283238,0.4591368227731864,0.51015202530354054,0.56116722783389461,0.61218243036424858,0.66319763289460265,0.71421283542495673,0.76522803795531069,0.81624324048566477,0.86725844301601884,0.91827364554637281,0.96928884807672688,1.0203040506070811,1.0713192531374349,1.1223344556677892,1.1733496581981431,1.2243648607284972,1.2753800632588512,1.3263952657892053,1.3774104683195592,1.4284256708499135,1.4794408733802673,1.5304560759106214,1.5814712784409755,1.6324864809713295,1.6835016835016836,1.7345168860320377,1.7855320885623918,1.8365472910927456,1.8875624936230999,1.9385776961534538,1.9895928986838078,2.0406081012141621,2.091623303744516,2.1426385062748698,2.1936537088052241,2.2446689113355784,2.2956841138659319,2.3466993163962862,2.3977145189266404,2.4487297214569943,2.4997449239873486,2.5507601265177025,2.6017753290480563,2.6527905315784106,2.7038057341087649,2.7548209366391183,2.8058361391694726,2.8568513416998269,2.9078665442301808,2.9588817467605346,3.0098969492908889,3.0609121518212428,3.1119273543515971,3.1629425568819509,3.2139577594123048,3.2649729619426591,3.3159881644730134,3.3670033670033672,3.4180185695337211,3.4690337720640754,3.5200489745944292,3.5710641771247835,3.6220793796551374,3.6730945821854912,3.7241097847158455,3.7751249872461998,3.8261401897765532,3.8771553923069075,3.9281705948372618,3.9791857973676157,4.0302009998979695,4.0812162024283243,4.1322314049586781,4.183246607489032,4.2342618100193858,4.2852770125497397,4.3362922150800944,4.3873074176104483,4.4383226201408021,4.4893378226711569,4.5403530252015099,4.5913682277318637,4.6423834302622184,4.6933986327925723,4.744413835322927,4.7954290378532809,4.8464442403836339,4.8974594429139886,4.9484746454443425,4.9994898479746972,5.0505050505050511],[0,0.061218243036424855,0.12243648607284971,0.18365472910927458,0.24487297214569942,0.30609121518212429,0.36730945821854916,0.42852770125497397,0.48974594429139884,0.55096418732782371,0.61218243036424858,0.67340067340067344,0.73461891643709831,0.79583715947352318,0.85705540250994794,0.91827364554637281,0.97949188858279768,1.0407101316192224,1.1019283746556474,1.1631466176920722,1.2243648607284972,1.2855831037649219,1.3468013468013469,1.4080195898377716,1.4692378328741966,1.5304560759106214,1.5916743189470464,1.6528925619834709,1.7141108050198959,1.7753290480563206,1.8365472910927456,1.8977655341291704,1.9589837771655954,2.0202020202020203,2.0814202632384449,2.1426385062748698,2.2038567493112948,2.2650749923477198,2.3262932353841443,2.3875114784205693,2.4487297214569943,2.5099479644934188,2.5711662075298438,2.6323844505662688,2.6936026936026938,2.7548209366391183,2.8160391796755433,2.8772574227119683,2.9384756657483933,2.9996939087848182,3.0609121518212428,3.1221303948576677,3.1833486378940927,3.2445668809305177,3.3057851239669418,3.3670033670033668,3.4282216100397918,3.4894398530762167,3.5506580961126413,3.6118763391490663,3.6730945821854912,3.7343128252219162,3.7955310682583407,3.8567493112947657,3.9179675543311907,3.9791857973676157,4.0404040404040407,4.1016222834404648,4.1628405264768897,4.2240587695133147,4.2852770125497397,4.3464952555861647,4.4077134986225897,4.4689317416590146,4.5301499846954396,4.5913682277318637,4.6525864707682887,4.7138047138047137,4.7750229568411386,4.8362411998775636,4.8974594429139886,4.9586776859504136,5.0198959289868377,5.0811141720232635,5.1423324150596876,5.2035506580961135,5.2647689011325376,5.3259871441689617,5.3872053872053876,5.4484236302418116,5.5096418732782366,5.5708601163146616,5.6320783593510866,5.6932966023875116,5.7545148454239365,5.8157330884603606,5.8769513314967865,5.9381695745332106,5.9993878175696365,6.0606060606060606],[0,0.071421283542495662,0.14284256708499132,0.21426385062748698,0.28568513416998265,0.35710641771247836,0.42852770125497397,0.49994898479746963,0.57137026833996529,0.64279155188246095,0.71421283542495673,0.78563411896745239,0.85705540250994794,0.9284766860524436,0.99989796959493926,1.0713192531374349,1.1427405366799306,1.2141618202224262,1.2855831037649219,1.3570043873074176,1.4284256708499135,1.4998469543924089,1.5712682379349048,1.6426895214774002,1.7141108050198959,1.7855320885623915,1.8569533721048872,1.9283746556473829,1.9997959391898785,2.0712172227323742,2.1426385062748698,2.2140597898173655,2.2854810733598612,2.3569023569023568,2.4283236404448525,2.4997449239873482,2.5711662075298438,2.6425874910723395,2.7140087746148351,2.7854300581573308,2.8568513416998269,2.9282726252423221,2.9996939087848178,3.0711151923273134,3.1425364758698096,3.2139577594123043,3.2853790429548004,3.3568003264972961,3.4282216100397918,3.4996428935822879,3.5710641771247831,3.6424854606672787,3.7139067442097744,3.7853280277522705,3.8567493112947657,3.9281705948372614,3.999591878379757,4.0710131619222532,4.1424344454647484,4.2138557290072436,4.2852770125497397,4.3566982960922358,4.428119579634731,4.4995408631772262,4.5709621467197223,4.6423834302622184,4.7138047138047137,4.7852259973472089,4.856647280889705,4.9280685644322011,4.9994898479746963,5.0709111315171915,5.1423324150596876,5.2137536986021837,5.285174982144679,5.3565962656871742,5.4280175492296703,5.4994388327721664,5.5708601163146616,5.6422813998571568,5.7137026833996538,5.785123966942149,5.8565452504846442,5.9279665340271404,5.9993878175696356,6.0708091011121317,6.1422303846546269,6.2136516681971221,6.2850729517396191,6.3564942352821134,6.4279155188246087,6.4993368023671056,6.5707580859096009,6.642179369452097,6.7136006529945922,6.7850219365370874,6.8564432200795835,6.9278645036220787,6.9992857871645757,7.0707070707070709],[0,0.081624324048566468,0.16324864809713294,0.24487297214569942,0.32649729619426587,0.40812162024283238,0.48974594429139884,0.57137026833996529,0.65299459238853175,0.7346189164370982,0.81624324048566477,0.89786756453423122,0.97949188858279768,1.0611162126313642,1.1427405366799306,1.2243648607284972,1.3059891847770635,1.3876135088256301,1.4692378328741964,1.550862156922763,1.6324864809713295,1.7141108050198959,1.7957351290684624,1.8773594531170288,1.9589837771655954,2.0406081012141617,2.1222324252627285,2.2038567493112944,2.2854810733598612,2.3671053974084275,2.4487297214569943,2.5303540455055602,2.611978369554127,2.6936026936026938,2.7752270176512601,2.8568513416998265,2.9384756657483928,3.0200999897969596,3.1017243138455259,3.1833486378940923,3.2649729619426591,3.346597285991225,3.4282216100397918,3.5098459340883581,3.5914702581369249,3.6730945821854908,3.7547189062340576,3.8363432302826239,3.9179675543311907,3.9995918783797575,4.0812162024283234,4.1628405264768897,4.244464850525457,4.3260891745740233,4.4077134986225888,4.489337822671156,4.5709621467197223,4.6525864707682887,4.734210794816855,4.8158351188654214,4.8974594429139886,4.9790837669625549,5.0607080910111204,5.1423324150596876,5.223956739108254,5.3055810631568203,5.3872053872053876,5.468829711253953,5.5504540353025202,5.6320783593510866,5.7137026833996529,5.7953270074482193,5.8769513314967856,5.958575655545352,6.0401999795939192,6.1218243036424846,6.2034486276910519,6.2850729517396182,6.3666972757881846,6.4483215998367509,6.5299459238853181,6.6115702479338845,6.6931945719824499,6.7748188960310172,6.8564432200795835,6.9380675441281507,7.0196918681767162,7.1013161922252825,7.1829405162738498,7.2645648403224161,7.3461891643709816,7.4278134884195488,7.5094378124681151,7.5910621365166824,7.6726864605652478,7.7543107846138142,7.8359351086623814,7.9175594327109478,7.999183756759515,8.0808080808080813],[0,0.091827364554637275,0.18365472910927455,0.27548209366391185,0.3673094582185491,0.4591368227731864,0.55096418732782371,0.64279155188246095,0.7346189164370982,0.82644628099173545,0.91827364554637281,1.0101010101010102,1.1019283746556474,1.1937557392102847,1.2855831037649219,1.3774104683195592,1.4692378328741964,1.5610651974288337,1.6528925619834709,1.7447199265381081,1.8365472910927456,1.9283746556473829,2.0202020202020203,2.1120293847566574,2.2038567493112948,2.2956841138659319,2.3875114784205693,2.4793388429752063,2.5711662075298438,2.6629935720844808,2.7548209366391183,2.8466483011937553,2.9384756657483928,3.0303030303030303,3.1221303948576673,3.2139577594123048,3.3057851239669418,3.3976124885215793,3.4894398530762163,3.5812672176308538,3.6730945821854912,3.7649219467401283,3.8567493112947657,3.9485766758494032,4.0404040404040407,4.1322314049586772,4.2240587695133147,4.3158861340679522,4.4077134986225897,4.4995408631772271,4.5913682277318637,4.6831955922865012,4.7750229568411386,4.8668503213957761,4.9586776859504127,5.0505050505050502,5.1423324150596876,5.2341597796143251,5.3259871441689617,5.4178145087235992,5.5096418732782366,5.6014692378328741,5.6932966023875107,5.7851239669421481,5.8769513314967856,5.9687786960514231,6.0606060606060606,6.1524334251606971,6.2442607897153346,6.3360881542699721,6.4279155188246095,6.5197428833792461,6.6115702479338836,6.7033976124885211,6.7952249770431585,6.8870523415977951,6.9788797061524326,7.0707070707070701,7.1625344352617075,7.2543617998163441,7.3461891643709825,7.438016528925619,7.5298438934802565,7.621671258034894,7.7134986225895315,7.8053259871441689,7.8971533516988064,7.988980716253443,8.0808080808080813,8.172635445362717,8.2644628099173545,8.356290174471992,8.4481175390266294,8.5399449035812669,8.6317722681359044,8.7235996326905401,8.8154269972451793,8.907254361799815,8.9990817263544542,9.0909090909090899],[0,0.1020304050607081,0.20406081012141619,0.30609121518212429,0.40812162024283238,0.51015202530354054,0.61218243036424858,0.71421283542495673,0.81624324048566477,0.91827364554637281,1.0203040506070811,1.1223344556677892,1.2243648607284972,1.3263952657892053,1.4284256708499135,1.5304560759106214,1.6324864809713295,1.7345168860320377,1.8365472910927456,1.9385776961534538,2.0406081012141621,2.1426385062748698,2.2446689113355784,2.3466993163962862,2.4487297214569943,2.5507601265177025,2.6527905315784106,2.7548209366391183,2.8568513416998269,2.9588817467605346,3.0609121518212428,3.1629425568819509,3.2649729619426591,3.3670033670033672,3.4690337720640754,3.5710641771247835,3.6730945821854912,3.7751249872461998,3.8771553923069075,3.9791857973676157,4.0812162024283243,4.183246607489032,4.2852770125497397,4.3873074176104483,4.4893378226711569,4.5913682277318637,4.6933986327925723,4.7954290378532809,4.8974594429139886,4.9994898479746972,5.1015202530354049,5.2035506580961126,5.3055810631568212,5.4076114682175298,5.5096418732782366,5.6116722783389452,5.7137026833996538,5.8157330884603615,5.9177634935210692,6.0197938985817778,6.1218243036424855,6.2238547087031941,6.3258851137639018,6.4279155188246095,6.5299459238853181,6.6319763289460267,6.7340067340067344,6.8360371390674421,6.9380675441281507,7.0400979491888585,7.142128354249567,7.2441587593102748,7.3461891643709825,7.4482195694316911,7.5502499744923997,7.6522803795531065,7.7543107846138151,7.8563411896745237,7.9583715947352314,8.0604019997959391,8.1624324048566486,8.2644628099173563,8.366493214978064,8.4685236200387717,8.5705540250994794,8.6725844301601889,8.7746148352208966,8.8766452402816043,8.9786756453423138,9.0807060504030197,9.1827364554637274,9.2847668605244369,9.3867972655851446,9.4888276706458541,9.5908580757065618,9.6928884807672677,9.7949188858279772,9.8969492908886849,9.9989796959493944,10.101010101010102],[0,0.1122334455667789,0.22446689113355781,0.33670033670033672,0.44893378226711561,0.56116722783389461,0.67340067340067344,0.78563411896745239,0.89786756453423122,1.0101010101010102,1.1223344556677892,1.2345679012345681,1.3468013468013469,1.4590347923681257,1.5712682379349048,1.6835016835016836,1.7957351290684624,1.9079685746352413,2.0202020202020203,2.1324354657687992,2.2446689113355784,2.3569023569023568,2.4691358024691361,2.5813692480359145,2.6936026936026938,2.8058361391694726,2.9180695847362514,3.0303030303030303,3.1425364758698096,3.2547699214365879,3.3670033670033672,3.4792368125701456,3.5914702581369249,3.7037037037037042,3.8159371492704826,3.9281705948372618,4.0404040404040407,4.1526374859708195,4.2648709315375983,4.3771043771043772,4.4893378226711569,4.6015712682379348,4.7138047138047137,4.8260381593714925,4.9382716049382722,5.0505050505050502,5.162738496071829,5.2749719416386087,5.3872053872053876,5.4994388327721664,5.6116722783389452,5.7239057239057241,5.8361391694725029,5.9483726150392826,6.0606060606060606,6.1728395061728394,6.2850729517396191,6.3973063973063979,6.5095398428731759,6.6217732884399547,6.7340067340067344,6.8462401795735133,6.9584736251402912,7.0707070707070709,7.1829405162738498,7.2951739618406286,7.4074074074074083,7.5196408529741863,7.6318742985409651,7.7441077441077448,7.8563411896745237,7.9685746352413016,8.0808080808080813,8.1930415263748593,8.305274971941639,8.4175084175084169,8.5297418630751967,8.6419753086419764,8.7542087542087543,8.8664421997755323,8.9786756453423138,9.0909090909090917,9.2031425364758697,9.3153759820426494,9.4276094276094273,9.539842873176207,9.652076318742985,9.7643097643097647,9.8765432098765444,9.9887766554433224,10.1010101010101,10.21324354657688,10.325476992143658,10.437710437710439,10.549943883277217,10.662177328843995,10.774410774410775,10.886644219977553,10.998877665544333,11.111111111111111],[0,0.12243648607284971,0.24487297214569942,0.36730945821854916,0.48974594429139884,0.61218243036424858,0.73461891643709831,0.85705540250994794,0.97949188858279768,1.1019283746556474,1.2243648607284972,1.3468013468013469,1.4692378328741966,1.5916743189470464,1.7141108050198959,1.8365472910927456,1.9589837771655954,2.0814202632384449,2.2038567493112948,2.3262932353841443,2.4487297214569943,2.5711662075298438,2.6936026936026938,2.8160391796755433,2.9384756657483933,3.0609121518212428,3.1833486378940927,3.3057851239669418,3.4282216100397918,3.5506580961126413,3.6730945821854912,3.7955310682583407,3.9179675543311907,4.0404040404040407,4.1628405264768897,4.2852770125497397,4.4077134986225897,4.5301499846954396,4.6525864707682887,4.7750229568411386,4.8974594429139886,5.0198959289868377,5.1423324150596876,5.2647689011325376,5.3872053872053876,5.5096418732782366,5.6320783593510866,5.7545148454239365,5.8769513314967865,5.9993878175696365,6.1218243036424855,6.2442607897153355,6.3666972757881855,6.4891337618610354,6.6115702479338836,6.7340067340067336,6.8564432200795835,6.9788797061524335,7.1013161922252825,7.2237526782981325,7.3461891643709825,7.4686256504438324,7.5910621365166815,7.7134986225895315,7.8359351086623814,7.9583715947352314,8.0808080808080813,8.2032445668809295,8.3256810529537795,8.4481175390266294,8.5705540250994794,8.6929905111723293,8.8154269972451793,8.9378634833180293,9.0602999693908792,9.1827364554637274,9.3051729415365774,9.4276094276094273,9.5500459136822773,9.6724823997551272,9.7949188858279772,9.9173553719008272,10.039791857973675,10.162228344046527,10.284664830119375,10.407101316192227,10.529537802265075,10.651974288337923,10.774410774410775,10.896847260483623,11.019283746556473,11.141720232629323,11.264156718702173,11.386593204775023,11.509029690847873,11.631466176920721,11.753902662993573,11.876339149066421,11.998775635139273,12.121212121212121],[0,0.13263952657892053,0.26527905315784106,0.39791857973676159,0.53055810631568212,0.66319763289460265,0.79583715947352318,0.9284766860524436,1.0611162126313642,1.1937557392102847,1.3263952657892053,1.4590347923681257,1.5916743189470464,1.7243138455259668,1.8569533721048872,1.9895928986838078,2.1222324252627285,2.2548719518416487,2.3875114784205693,2.52015100499949,2.6527905315784106,2.7854300581573308,2.9180695847362514,3.0507091113151716,3.1833486378940927,3.3159881644730129,3.4486276910519336,3.5812672176308538,3.7139067442097744,3.8465462707886946,3.9791857973676157,4.1118253239465359,4.244464850525457,4.3771043771043772,4.5097439036832974,4.6423834302622184,4.7750229568411386,4.9076624834200597,5.0403020099989799,5.1729415365779001,5.3055810631568212,5.4382205897357405,5.5708601163146616,5.7034996428935827,5.8361391694725029,5.9687786960514231,6.1014182226303433,6.2340577492092644,6.3666972757881855,6.4993368023671056,6.6319763289460258,6.764615855524946,6.8972553821038671,7.0298949086827882,7.1625344352617075,7.2951739618406286,7.4278134884195488,7.5604530149984699,7.6930925415773892,7.8257320681563103,7.9583715947352314,8.0910111213141516,8.2236506478930718,8.356290174471992,8.4889297010509139,8.6215692276298341,8.7542087542087543,8.8868482807876745,9.0194878073665947,9.1521273339455167,9.2847668605244369,9.4174063871033571,9.5500459136822773,9.6826854402611975,9.8153249668401195,9.9479644934190379,10.08060401999796,10.21324354657688,10.3458830731558,10.47852259973472,10.611162126313642,10.743801652892563,10.876441179471481,11.009080706050403,11.141720232629323,11.274359759208245,11.406999285787165,11.539638812366084,11.672278338945006,11.804917865523926,11.937557392102846,12.070196918681768,12.202836445260687,12.335475971839609,12.468115498418529,12.600755024997449,12.733394551576371,12.866034078155289,12.998673604734211,13.131313131313131],[0,0.14284256708499132,0.28568513416998265,0.42852770125497397,0.57137026833996529,0.71421283542495673,0.85705540250994794,0.99989796959493926,1.1427405366799306,1.2855831037649219,1.4284256708499135,1.5712682379349048,1.7141108050198959,1.8569533721048872,1.9997959391898785,2.1426385062748698,2.2854810733598612,2.4283236404448525,2.5711662075298438,2.7140087746148351,2.8568513416998269,2.9996939087848178,3.1425364758698096,3.2853790429548004,3.4282216100397918,3.5710641771247831,3.7139067442097744,3.8567493112947657,3.999591878379757,4.1424344454647484,4.2852770125497397,4.428119579634731,4.5709621467197223,4.7138047138047137,4.856647280889705,4.9994898479746963,5.1423324150596876,5.285174982144679,5.4280175492296703,5.5708601163146616,5.7137026833996538,5.8565452504846442,5.9993878175696356,6.1422303846546269,6.2850729517396191,6.4279155188246087,6.5707580859096009,6.7136006529945922,6.8564432200795835,6.9992857871645757,7.1421283542495662,7.2849709213345575,7.4278134884195488,7.570656055504541,7.7134986225895315,7.8563411896745228,7.9991837567595141,8.1420263238445063,8.2848688909294967,8.4277114580144872,8.5705540250994794,8.7133965921844716,8.856239159269462,8.9990817263544525,9.1419242934394447,9.2847668605244369,9.4276094276094273,9.5704519946944178,9.71329456177941,9.8561371288644022,9.9989796959493926,10.141822263034383,10.284664830119375,10.427507397204367,10.570349964289358,10.713192531374348,10.856035098459341,10.998877665544333,11.141720232629323,11.284562799714314,11.427405366799308,11.570247933884298,11.713090500969288,11.855933068054281,11.998775635139271,12.141618202224263,12.284460769309254,12.427303336394244,12.570145903479238,12.712988470564227,12.855831037649217,12.998673604734211,13.141516171819202,13.284358738904194,13.427201305989184,13.570043873074175,13.712886440159167,13.855729007244157,13.998571574329151,14.141414141414142],[0,0.15304560759106214,0.30609121518212429,0.4591368227731864,0.61218243036424858,0.76522803795531069,0.91827364554637281,1.0713192531374349,1.2243648607284972,1.3774104683195592,1.5304560759106214,1.6835016835016836,1.8365472910927456,1.9895928986838078,2.1426385062748698,2.2956841138659319,2.4487297214569943,2.6017753290480563,2.7548209366391183,2.9078665442301803,3.0609121518212428,3.2139577594123048,3.3670033670033672,3.5200489745944288,3.6730945821854912,3.8261401897765532,3.9791857973676157,4.1322314049586772,4.2852770125497397,4.4383226201408013,4.5913682277318637,4.7444138353229262,4.8974594429139886,5.0505050505050511,5.2035506580961126,5.3565962656871751,5.5096418732782366,5.6626874808692991,5.8157330884603606,5.9687786960514231,6.1218243036424855,6.2748699112335471,6.4279155188246095,6.580961126415672,6.7340067340067344,6.8870523415977951,7.0400979491888576,7.19314355677992,7.3461891643709825,7.4992347719620449,7.6522803795531065,7.8053259871441689,7.9583715947352314,8.1114172023262938,8.2644628099173545,8.4175084175084169,8.5705540250994794,8.7235996326905418,8.8766452402816025,9.029690847872665,9.1827364554637274,9.3357820630547899,9.4888276706458523,9.6418732782369148,9.7949188858279772,9.9479644934190397,10.101010101010102,10.254055708601163,10.407101316192225,10.560146923783288,10.71319253137435,10.866238138965411,11.019283746556473,11.172329354147536,11.325374961738598,11.478420569329659,11.631466176920721,11.784511784511784,11.937557392102846,12.090602999693909,12.243648607284971,12.396694214876034,12.549739822467094,12.702785430058158,12.855831037649219,13.008876645240283,13.161922252831344,13.314967860422405,13.468013468013469,13.62105907560453,13.77410468319559,13.927150290786654,14.080195898377715,14.233241505968779,14.38628711355984,14.539332721150902,14.692378328741965,14.845423936333027,14.99846954392409,15.151515151515152],[0,0.16324864809713294,0.32649729619426587,0.48974594429139884,0.65299459238853175,0.81624324048566477,0.97949188858279768,1.1427405366799306,1.3059891847770635,1.4692378328741964,1.6324864809713295,1.7957351290684624,1.9589837771655954,2.1222324252627285,2.2854810733598612,2.4487297214569943,2.611978369554127,2.7752270176512601,2.9384756657483928,3.1017243138455259,3.2649729619426591,3.4282216100397918,3.5914702581369249,3.7547189062340576,3.9179675543311907,4.0812162024283234,4.244464850525457,4.4077134986225888,4.5709621467197223,4.734210794816855,4.8974594429139886,5.0607080910111204,5.223956739108254,5.3872053872053876,5.5504540353025202,5.7137026833996529,5.8769513314967856,6.0401999795939192,6.2034486276910519,6.3666972757881846,6.5299459238853181,6.6931945719824499,6.8564432200795835,7.0196918681767162,7.1829405162738498,7.3461891643709816,7.5094378124681151,7.6726864605652478,7.8359351086623814,7.999183756759515,8.1624324048566468,8.3256810529537795,8.4889297010509139,8.6521783491480466,8.8154269972451775,8.978675645342312,9.1419242934394447,9.3051729415365774,9.4684215896337101,9.6316702377308427,9.7949188858279772,9.9581675339251099,10.121416182022241,10.284664830119375,10.447913478216508,10.611162126313641,10.774410774410775,10.937659422507906,11.10090807060504,11.264156718702173,11.427405366799306,11.590654014896439,11.753902662993571,11.917151311090704,12.080399959187838,12.243648607284969,12.406897255382104,12.570145903479236,12.733394551576369,12.896643199673502,13.059891847770636,13.223140495867769,13.3863891439649,13.549637792062034,13.712886440159167,13.876135088256301,14.039383736353432,14.202632384450565,14.3658810325477,14.529129680644832,14.692378328741963,14.855626976839098,15.01887562493623,15.182124273033365,15.345372921130496,15.508621569227628,15.671870217324763,15.835118865421896,15.99836751351903,16.161616161616163],[0,0.17345168860320376,0.34690337720640751,0.52035506580961122,0.69380675441281503,0.86725844301601884,1.0407101316192224,1.2141618202224262,1.3876135088256301,1.5610651974288337,1.7345168860320377,1.9079685746352413,2.0814202632384449,2.2548719518416487,2.4283236404448525,2.6017753290480563,2.7752270176512601,2.9486787062544635,3.1221303948576673,3.2955820834608711,3.4690337720640754,3.6424854606672787,3.8159371492704826,3.9893888378736859,4.1628405264768897,4.3362922150800935,4.5097439036832974,4.6831955922865012,4.856647280889705,5.0300989694929079,5.2035506580961126,5.3770023466993155,5.5504540353025202,5.7239057239057241,5.897357412508927,6.0708091011121317,6.2442607897153346,6.4177124783185393,6.5911641669217422,6.764615855524946,6.9380675441281507,7.1115192327313528,7.2849709213345575,7.4584226099377613,7.6318742985409651,7.805325987144168,7.9787776757473718,8.1522293643505765,8.3256810529537795,8.4991327415569842,8.6725844301601871,8.8460361187633918,9.0194878073665947,9.1929394959697994,9.3663911845730023,9.5398428731762053,9.71329456177941,9.8867462503826147,10.060197938985816,10.233649627589021,10.407101316192225,10.580553004795428,10.754004693398631,10.927456382001836,11.10090807060504,11.274359759208243,11.447811447811448,11.621263136414651,11.794714825017854,11.968166513621059,12.141618202224263,12.315069890827466,12.488521579430669,12.661973268033874,12.835424956637079,13.00887664524028,13.182328333843484,13.355780022446689,13.529231711049892,13.702683399653095,13.876135088256301,14.049586776859503,14.223038465462706,14.396490154065912,14.569941842669115,14.74339353127232,14.916845219875523,15.090296908478726,15.26374859708193,15.437200285685133,15.610651974288336,15.784103662891541,15.957555351494744,16.131007040097948,16.304458728701153,16.477910417304354,16.651362105907559,16.824813794510764,16.998265483113968,17.171717171717169],[0,0.18365472910927455,0.3673094582185491,0.550964187